Number of events = 100000

-------------------------------------
b based cuts are: 
(0, 3.49219, 4.93627, 6.01925, 6.95388, 7.77094, 8.51456, 9.20006, 9.83809, 10.9898, 12.0537, 13.0229, 13.9332, 14.922, 19.9399)
-------------------------------------
-------------------------------------
CentLow CentHigh NpartMean NcollMean Spart4Mean Ecc2PartMean BinEdge
0       5       381.729   1628.3    117.101    0.0742466   3.49219
5       10       328.097   1271.84    105.828    0.115499   4.93627
10       15       280.558   1003.53    95.2431    0.160322   6.01925
15       20       238.863   788.681    85.762    0.203517   6.95388
20       25       201.443   613.629    76.8183    0.244783   7.77094
25       30       169.586   472.638    69.449    0.282736   8.51456
30       35       140.681   359.226    62.1103    0.317763   9.20006
35       40       115.904   267.521    55.9476    0.349805   9.83809
40       50       84.6698   168.457    47.1567    0.403896   10.9898
50       60       52.4296   83.6673    36.9936    0.472572   12.0537
60       70       29.615   37.3362    27.6992    0.547683   13.0229
70       80       15.2006   15.3631    18.4992    0.626147   13.9332
80       90       7.5181   6.2969    10.3217    0.664706   14.922
90       100       3.7679   2.6289    4.33001    0.670268   19.9399
