Number of events = 100000

-------------------------------------
b based cuts are: 
(0, 3.4585, 4.90426, 6.00075, 6.93232, 7.7586, 8.49747, 9.17908, 9.83789, 11.0055, 12.0594, 13.0307, 13.933, 14.9165, 19.9817)
-------------------------------------
-------------------------------------
CentLow CentHigh NpartMean NcollMean Spart4Mean Ecc2PartMean BinEdge
0       5       382.296   1630.89    119.3    0.0731639   3.4585
5       10       329.911   1281.2    108.345    0.112993   4.90426
10       15       281.429   1008.16    97.3743    0.156461   6.00075
15       20       239.104   791.285    87.7699    0.199865   6.93232
20       25       202.394   616.98    79.251    0.237159   7.7586
25       30       170.223   475.986    71.6655    0.273475   8.49747
30       35       141.337   361.27    64.5459    0.311139   9.17908
35       40       116.518   269.841    58.2137    0.342808   9.83789
40       50       84.4316   167.906    49.3169    0.391666   11.0055
50       60       52.2802   82.8922    39.2466    0.449817   12.0594
60       70       29.5967   37.2805    29.9417    0.525302   13.0307
70       80       15.2312   15.4108    20.7726    0.593206   13.933
80       90       7.5184   6.3105    12.0174    0.647904   14.9165
90       100       3.7444   2.5974    5.37882    0.68902   19.9817
